10 0 2 2 3 20 100
10 2 2 2 3 20 100
9 0 2 2 3 20 100
9 2 2 2 3 20 100
10 0 1 2 3 20 100
10 2 1 2 3 20 100
10 0 2 1 3 20 100
10 2 2 1 3 20 100
10 0 2 2 5 20 100
10 2 2 2 5 20 100
10 0 2 2 3 10 100
10 2 2 2 3 10 100
6 0 2 2 3 20 100
6 1 2 2 3 20 100
6 2 2 2 3 20 100
10 0 3 2 3 20 100
10 2 3 2 3 20 100
10 0 2 2 3 20 100
10 2 2 2 3 20 100
9 0 2 2 3 20 100
9 2 2 2 3 20 100
10 0 1 2 3 20 100
10 2 1 2 3 20 100
10 0 2 1 3 20 100
10 2 2 1 3 20 100
10 0 2 2 5 20 100
10 2 2 2 5 20 100
10 0 2 2 3 10 100
10 2 2 2 3 10 100
6 0 2 2 3 20 100
6 2 2 2 3 20 100
10 0 3 2 3 20 100
10 2 3 2 3 20 100


